47: -1 +2 +3
46: -2 +1 +3
45: +2 +1 +3
44: -3 -1 -2
43: +3 -1 -2
42: +1 -3 -2
41: -1 -3 -2
40: +3 +1 -2
39: +2 -1 -3
38: +1 -2 -3
37: +3 +2 -1
36: -2 -3 -1
35: +1 +3 +2
34: -3 -1 +2
33: +3 -1 +2
32: +1 -3 +2
31: -1 -3 +2
30: -2 +3 +1
29: +2 +3 +1
28: -3 -2 +1
27: +3 -2 +1
26: +2 -3 +1
25: -2 -3 +1
24: -1 +3 +2
23: -3 +1 +2
22: +3 +1 +2
21: -2 -1 -3
20: +1 +2 -3
19: -1 +2 -3
18: -2 +1 -3
17: +2 +1 -3
16: -1 -2 -3
15: +3 +2 +1
14: -3 +2 +1
13: -1 -2 +3
12: +1 -2 +3
11: -3 +2 -1
10: -2 +3 -1
9: +2 +3 -1
8: -3 -2 -1
7: +3 -2 -1
6: +2 -3 -1
5: +1 +3 -2
4: -1 +3 -2
3: -3 +1 -2
2: +2 -1 +3
1: -2 -1 +3
0: +1 +2 +3
